0,27.78488798,37.64306045,85.08818954,137.640837,34.36568055,63.19810124,115.9482643,62.22539674,85.08818954,109.603832,54.56189146,119.8540779,105.394497,45.79301257,27.78488798,0,15,57.5847202,110.8557621,13.45362405,40.02499219,98.38699101,36.05551275,57.5847202,81.83520025,26.92582404,107.2986486,77.66595136,18.02775638,37.64306045,15,0,54.23098745,108.4619749,26,45.79301257,105.9481005,25,54.23098745,74.8465096,25.49509757,117.3797257,70.26378868,15.8113883,85.08818954,57.5847202,54.23098745,0,54.23098745,52.69724851,32.64965543,72.47068373,35.44009029,0,28.3019434,30.6757233,92.65527508,26,40.26164428,137.640837,110.8557621,108.4619749,54.23098745,0,103.7304198,76.92203845,71.84010022,88.141931,54.23098745,43.38202393,84.34453154,96.30160954,47.92702787,94.20191081,34.36568055,13.45362405,26,52.69724851,103.7304198,0,29,85.49268975,40.26164428,52.69724851,79.30952024,24.20743687,93.86160024,75.66372975,19.6468827,63.19810124,40.02499219,45.79301257,32.64965543,76.92203845,29,0,60.21627687,43.38202393,32.64965543,60.90155991,23.60084744,73.60027174,58.6003413,30.61045573,115.9482643,98.38699101,105.9481005,72.47068373,71.84010022,85.49268975,60.21627687,0,100.4987562,72.47068373,90.02777349,82.97590012,24.51530134,91.21403401,90.80198236,62.22539674,36.05551275,25,35.44009029,88.141931,40.26164428,43.38202393,100.4987562,0,35.44009029,50.96076922,20.61552813,116.5032188,46.17358552,20.61552813,85.08818954,57.5847202,54.23098745,0,54.23098745,52.69724851,32.64965543,72.47068373,35.44009029,0,28.3019434,30.6757233,92.65527508,26,40.26164428,109.603832,81.83520025,74.8465096,28.3019434,43.38202393,79.30952024,60.90155991,90.02777349,50.96076922,28.3019434,0,55.6057551,112.8716085,5,63.81222453,54.56189146,26.92582404,25.49509757,30.6757233,84.34453154,24.20743687,23.60084744,82.97590012,20.61552813,30.6757233,55.6057551,0,97.20082304,51.73973328,10,119.8540779,107.2986486,117.3797257,92.65527508,96.30160954,93.86160024,73.60027174,24.51530134,116.5032188,92.65527508,112.8716085,97.20082304,0,113.6001761,103.4794666,105.394497,77.66595136,70.26378868,26,47.92702787,75.66372975,58.6003413,91.21403401,46.17358552,26,5,51.73973328,113.6001761,0,59.6405902,45.79301257,18.02775638,15.8113883,40.26164428,94.20191081,19.6468827,30.61045573,90.80198236,20.61552813,40.26164428,63.81222453,10,103.4794666,59.6405902,0
0,24.20743687,24.51530134,35.22782991,39,28.3019434,64.76109943,93.21480569,67.23094526,58.79625838,101.9803903,55.15432893,58.79625838,103.4794666,41.61730409,24.20743687,0,20.61552813,36.40054945,57.24508713,9.848857802,48.16637832,77.1038261,43.38202393,34.6554469,80.95677859,31.2409987,34.6554469,79.30952024,17.49285568,24.51530134,20.61552813,0,15.8113883,41.61730409,30.3644529,68.59300256,97.41663102,51.73973328,48.33218389,99.0403958,46.4865572,48.33218389,90.80198236,30.6757233,35.22782991,36.40054945,15.8113883,0,34.66987165,46.17358552,84.17244205,112.8716085,61.29437168,60.87692502,113,59.8414572,60.87692502,100.7223908,44.28317965,39,57.24508713,41.61730409,34.66987165,0,64.76109943,103.0970417,131.855982,93.23625904,89.55445271,138.1918956,87.20665112,89.55445271,132.4122351,71.58910532,28.3019434,9.848857802,30.3644529,46.17358552,64.76109943,0,39,68,44.14748011,32.64965543,73.92563831,28.3019434,32.64965543,76.84399781,19,64.76109943,48.16637832,68.59300256,84.17244205,103.0970417,39,0,29,51.86520992,37.64306045,41.01219331,33.9411255,37.64306045,63.19810124,43.38202393,93.21480569,77.1038261,97.41663102,112.8716085,131.855982,68,29,0,72.20110802,60.41522987,29,58.18075283,60.41522987,67.41661516,70.60453243,67.23094526,43.38202393,51.73973328,61.29437168,93.23625904,44.14748011,51.86520992,72.20110802,0,14.86606875,59.66573556,19.6468827,14.86606875,39.44616585,26,58.79625838,34.6554469,48.33218389,60.87692502,89.55445271,32.64965543,37.64306045,60.41522987,14.86606875,0,53,5,0,44.68780594,18.02775638,101.9803903,80.95677859,99.0403958,113,138.1918956,73.92563831,41.01219331,29,59.66573556,53,0,53.23532662,53,41.61730409,68.73136111,55.15432893,31.2409987,46.4865572,59.8414572,87.20665112,28.3019434,33.9411255,58.18075283,19.6468827,5,53.23532662,0,5,48.60041152,15.8113883,58.79625838,34.6554469,48.33218389,60.87692502,89.55445271,32.64965543,37.64306045,60.41522987,14.86606875,0,53,5,0,44.68780594,18.02775638,103.4794666,79.30952024,90.80198236,100.7223908,132.4122351,76.84399781,63.19810124,67.41661516,39.44616585,44.68780594,41.61730409,48.60041152,44.68780594,0,62.22539674,41.61730409,17.49285568,30.6757233,44.28317965,71.58910532,19,43.38202393,70.60453243,26,18.02775638,68.73136111,15.8113883,18.02775638,62.22539674,0
0,24,34.36568055,53.66563146,63.19810124,34.36568055,49.24428901,74.33034374,87.57282684,112.1115516,122.380554,87.57282684,122.4826518,122.380554,58.85575588,24,0,11.18033989,33.9411255,39.3192065,11.18033989,30.61045573,50.96076922,63.78871374,88.141931,99.92497185,63.78871374,98.84331035,99.92497185,35.44009029,34.36568055,11.18033989,0,23.60084744,30.6757233,0,21.02379604,40.02499219,53.23532662,78.63841301,88.76936408,53.23532662,88.1192374,88.76936408,24.51530134,53.66563146,33.9411255,23.60084744,0,32.64965543,23.60084744,5,26.92582404,41.43669871,70.26378868,69.63476143,41.43669871,73.17103252,69.63476143,17.20465053,63.19810124,39.3192065,30.6757233,32.64965543,0,30.6757233,35.22782991,21.47091055,28.3019434,49,68.8839604,28.3019434,62.76941931,68.8839604,15.8113883,34.36568055,11.18033989,0,23.60084744,30.6757233,0,21.02379604,40.02499219,53.23532662,78.63841301,88.76936408,53.23532662,88.1192374,88.76936408,24.51530134,49.24428901,30.61045573,21.02379604,5,35.22782991,21.02379604,0,31.6227766,46.17358552,74.8465096,74.52516354,46.17358552,78.16009212,74.52516354,20.51828453,74.33034374,50.96076922,40.02499219,26.92582404,21.47091055,40.02499219,31.6227766,0,14.56021978,43.38202393,49.73932046,14.56021978,48.25971405,49.73932046,15.5241747,87.57282684,63.78871374,53.23532662,41.43669871,28.3019434,53.23532662,46.17358552,14.56021978,0,29.15475947,41.01219331,0,35.17101079,41.01219331,29,112.1115516,88.141931,78.63841301,70.26378868,49,78.63841301,74.8465096,43.38202393,29.15475947,0,44.18144407,29.15475947,25.63201124,44.18144407,56.04462508,122.380554,99.92497185,88.76936408,69.63476143,68.8839604,88.76936408,74.52516354,49.73932046,41.01219331,44.18144407,0,41.01219331,20.61552813,0,64.84597135,87.57282684,63.78871374,53.23532662,41.43669871,28.3019434,53.23532662,46.17358552,14.56021978,0,29.15475947,41.01219331,0,35.17101079,41.01219331,29,122.4826518,98.84331035,88.1192374,73.17103252,62.76941931,88.1192374,78.16009212,48.25971405,35.17101079,25.63201124,20.61552813,35.17101079,0,20.61552813,63.63961031,122.380554,99.92497185,88.76936408,69.63476143,68.8839604,88.76936408,74.52516354,49.73932046,41.01219331,44.18144407,0,41.01219331,20.61552813,0,64.84597135,58.85575588,35.44009029,24.51530134,17.20465053,15.8113883,24.51530134,20.51828453,15.5241747,29,56.04462508,64.84597135,29,63.63961031,64.84597135,0
0,25.49509757,32.20248438,52.55473337,57.24508713,38.28837944,66.61080993,46.4865572,73.55270219,112.0714058,151,79.42921377,108.853112,143.199162,54.23098745,25.49509757,0,19.41648784,33.9411255,37.64306045,20.39607805,44.68780594,21.47091055,50,87.46427842,126.0991673,53.93514624,83.36066219,117.7115118,29,32.20248438,19.41648784,0,20.61552813,25.49509757,39,58.6003413,32.64965543,44.28317965,83.60023923,122.8006515,56.93856338,85.08818954,118.5959527,31.40063694,52.55473337,33.9411255,20.61552813,0,5,48.33218389,58.21511831,34.36568055,26,64.76109943,103.754518,44.68780594,69.89277502,101.9803903,24.51530134,57.24508713,37.64306045,25.49509757,5,0,50.60632372,58,35.44009029,21.47091055,59.9082632,98.84331035,41.61730409,65.80273551,97.49358953,24,38.28837944,20.39607805,39,48.33218389,50.60632372,0,28.65309756,18.02775638,55.6057551,87.92041856,124.5351356,50.009999,78.16009212,112,32.01562119,66.61080993,44.68780594,58.6003413,58.21511831,58,28.65309756,0,26,51.623638,72.20110802,104.5466403,33.9411255,56.30275304,88.1192374,34,46.4865572,21.47091055,32.64965543,34.36568055,35.44009029,18.02775638,26,0,37.64306045,70.60453243,108.0462864,34,63.19810124,97.51410154,14.14213562,73.55270219,50,44.28317965,26,21.47091055,55.6057551,51.623638,37.64306045,0,39.3192065,78.51751397,24.51530134,44.68780594,76.02631123,23.60084744,112.0714058,87.46427842,83.60023923,64.76109943,59.9082632,87.92041856,72.20110802,70.60453243,39.3192065,0,39.20459157,38.94868419,24.51530134,41.01219331,58.69412236,151,126.0991673,122.8006515,103.754518,98.84331035,124.5351356,104.5466403,108.0462864,78.51751397,39.20459157,0,74.52516354,48.33218389,26.92582404,97.12878049,79.42921377,53.93514624,56.93856338,44.68780594,41.61730409,50.009999,33.9411255,34,24.51530134,38.94868419,74.52516354,0,29.42787794,63.78871374,26,108.853112,83.36066219,85.08818954,69.89277502,65.80273551,78.16009212,56.30275304,63.19810124,44.68780594,24.51530134,48.33218389,29.42787794,0,34.36568055,55.08175742,143.199162,117.7115118,118.5959527,101.9803903,97.49358953,112,88.1192374,97.51410154,76.02631123,41.01219331,26.92582404,63.78871374,34.36568055,0,89.26925563,54.23098745,29,31.40063694,24.51530134,24,32.01562119,34,14.14213562,23.60084744,58.69412236,97.12878049,26,55.08175742,89.26925563,0
0,24,40.26164428,63.78871374,83.60023923,35.17101079,55.78530272,64.5368112,83,117,146.0855913,83.15046602,117.1067889,141.2869421,58,24,0,18.02775638,40.26164428,59.8414572,13.45362405,33.10589071,41.43669871,59,93,122.102416,59.21148537,93.13431162,117.3456433,34,40.26164428,18.02775638,0,24,44,19.6468827,28.3019434,33.9411255,45.12205669,78.63841301,108.0462864,46.4865572,79.42921377,103.754518,21.47091055,63.78871374,40.26164428,24,0,20,34.66987165,25.63201124,24,22.36067977,54.91812087,84.34453154,25,56.04462508,80.28075735,11.18033989,83.60023923,59.8414572,44,20,0,52.55473337,37.64306045,31.2409987,10,35.44009029,64.76109943,15,37.16180835,61.03277808,26.92582404,35.17101079,13.45362405,19.6468827,34.66987165,52.55473337,0,20.61552813,29.42787794,49.81967483,83.48652586,112.0714058,49.16299421,83.09632964,107,25.63201124,55.78530272,33.10589071,28.3019434,25.63201124,37.64306045,20.61552813,0,9,32.20248438,64.5368112,92.43916919,30.3644529,63.63961031,87.14355972,14.56021978,64.5368112,41.43669871,33.9411255,24,31.2409987,29.42787794,9,0,24.41311123,55.78530272,83.48652586,21.9317122,54.74486277,78.16009212,14.86606875,83,59,45.12205669,22.36067977,10,49.81967483,32.20248438,24.41311123,0,34,63.19810124,5,34.36568055,58.69412236,25,117,93,78.63841301,54.91812087,35.44009029,83.48652586,64.5368112,55.78530272,34,0,29.42787794,34.36568055,5,25.63201124,59,146.0855913,122.102416,108.0462864,84.34453154,64.76109943,112.0714058,92.43916919,83.48652586,63.19810124,29.42787794,0,63,29,6.403124237,88.141931,83.15046602,59.21148537,46.4865572,25,15,49.16299421,30.3644529,21.9317122,5,34.36568055,63,0,34,58.13776741,25.49509757,117.1067889,93.13431162,79.42921377,56.04462508,37.16180835,83.09632964,63.63961031,54.74486277,34.36568055,5,29,34,0,24.33105012,59.21148537,141.2869421,117.3456433,103.754518,80.28075735,61.03277808,107,87.14355972,78.16009212,58.69412236,25.63201124,6.403124237,58.13776741,24.33105012,0,83.48652586,58,34,21.47091055,11.18033989,26.92582404,25.63201124,14.56021978,14.86606875,25,59,88.141931,25.49509757,59.21148537,83.48652586,0
0,124.3382483,79.47955712,125,131.4724306,24.51530134,139.140217,102.8834292,132.8834075,145.8012346,93.05912099,137.3062271,78.16009212,169.3310367,91.58602513,124.3382483,0,48.25971405,20.61552813,11.18033989,117,22.36067977,35.22782991,39.3192065,63.19810124,152.0526225,39,128.8603896,88.141931,50.11985634,79.47955712,48.25971405,0,45.54119015,53.23532662,69.18092223,59.9082632,24.20743687,54.81788029,72.20110802,108.2266141,58.82176468,84.62860037,98.47842403,19.41648784,125,20.61552813,45.54119015,0,14.14213562,113.7717012,15,24,19,43,139.5170241,19.6468827,117.0469991,68.73136111,39.20459157,131.4724306,11.18033989,53.23532662,14.14213562,0,122.40915,11.18033989,35.44009029,30.6757233,53.93514624,152.4631103,29.42787794,129.6919427,78,50.96076922,24.51530134,117,69.18092223,113.7717012,122.40915,0,128.5651586,90.24411338,118.5959527,128.5029183,70.60453243,123.3288287,54,150.4260616,76.84399781,139.140217,22.36067977,59.9082632,15,11.18033989,128.5651586,0,39,24.20743687,45.54119015,153.6879956,21.47091055,131.4724306,68.18357573,54.14794548,102.8834292,35.22782991,24.20743687,24,35.44009029,90.24411338,39,0,30.61045573,49.24428901,117.2731853,34.66987165,94.33981132,76.02631123,15.5241747,132.8834075,39.3192065,54.81788029,19,30.6757233,118.5959527,24.20743687,30.61045573,0,24,134.171532,5,113,50.009999,41.78516483,145.8012346,63.19810124,72.20110802,43,53.93514624,128.5029183,45.54119015,49.24428901,24,0,131.0953851,24.51530134,112.3610253,26.92582404,55.15432893,93.05912099,152.0526225,108.2266141,139.5170241,152.4631103,70.60453243,153.6879956,117.2731853,134.171532,131.0953851,0,139.057542,23.60084744,142.411376,101.9803903,137.3062271,39,58.82176468,19.6468827,29.42787794,123.3288287,21.47091055,34.66987165,5,24.51530134,139.057542,0,117.9576195,49.25444142,46.4865572,78.16009212,128.8603896,84.62860037,117.0469991,129.6919427,54,131.4724306,94.33981132,113,112.3610253,23.60084744,117.9576195,0,126.6491216,78.92401409,169.3310367,88.141931,98.47842403,68.73136111,78,150.4260616,68.18357573,76.02631123,50.009999,26.92582404,142.411376,49.25444142,126.6491216,0,80.60397013,91.58602513,50.11985634,19.41648784,39.20459157,50.96076922,76.84399781,54.14794548,15.5241747,41.78516483,55.15432893,101.9803903,46.4865572,78.92401409,80.60397013,0
0,32.64965543,39.20459157,64.5368112,54.56189146,44.68780594,80.5294977,79.9812478,89.26925563,115.6935608,154.7804897,94.33981132,133.4166406,156.7801008,61.3514466,32.64965543,0,21.47091055,44.68780594,43.829214,19,58.21511831,50.60632372,59,93.94147114,131.4724306,61.98386887,100.8464179,124.1692393,29.42787794,39.20459157,21.47091055,0,26,22.36067977,39.29376541,77.1621669,64.76109943,52.55473337,77.1621669,115.9482643,62.00806399,101.2570985,127.0157471,30.61045573,64.5368112,44.68780594,26,0,17.20465053,58.82176468,91.70605214,73.55270219,38.28837944,51.2445119,90.24411338,54.12023651,90.02777349,117.4436035,34.36568055,54.56189146,43.829214,22.36067977,17.20465053,0,61.3514466,98.15294188,83.15046602,55.15432893,63.19810124,102.4890238,69.89277502,106.8316433,134.0634178,44.91102315,44.68780594,19,39.29376541,58.82176468,61.3514466,0,39.3192065,35.35533906,61.98386887,104.2017274,139.6710421,59,95.12623192,115.6935608,32.20248438,80.5294977,58.21511831,77.1621669,91.70605214,98.15294188,39.3192065,0,24.41311123,79.24645102,128.4056074,158.5496768,66.61080993,90.02777349,102.1224755,58.18075283,79.9812478,50.60632372,64.76109943,73.55270219,83.15046602,35.35533906,24.41311123,0,55.6057551,105.394497,134.380058,42.20189569,68.18357573,84.17244205,39.20459157,89.26925563,59,52.55473337,38.28837944,55.15432893,61.98386887,79.24645102,55.6057551,0,50.11985634,79.81227976,19,51.73973328,79.20227269,30.41381265,115.6935608,93.94147114,77.1621669,51.2445119,63.19810124,104.2017274,128.4056074,105.394497,50.11985634,0,39.3192065,67.41661516,83.60023923,109.658561,72.9177619,154.7804897,131.4724306,115.9482643,90.24411338,102.4890238,139.6710421,158.5496768,134.380058,79.81227976,39.3192065,0,92.6984358,92.65527508,113,107.54069,94.33981132,61.98386887,62.00806399,54.12023651,69.89277502,59,66.61080993,42.20189569,19,67.41661516,92.6984358,0,39.44616585,65.11528238,33.10589071,133.4166406,100.8464179,101.2570985,90.02777349,106.8316433,95.12623192,90.02777349,68.18357573,51.73973328,83.60023923,92.65527508,39.44616585,0,27.78488798,72.47068373,156.7801008,124.1692393,127.0157471,117.4436035,134.0634178,115.6935608,102.1224755,84.17244205,79.20227269,109.658561,113,65.11528238,27.78488798,0,97.20082304,61.3514466,29.42787794,30.61045573,34.36568055,44.91102315,32.20248438,58.18075283,39.20459157,30.41381265,72.9177619,107.54069,33.10589071,72.47068373,97.20082304,0
0,19.41648784,24.51530134,32.64965543,45.12205669,25.63201124,40.02499219,109.8817546,53,78.51751397,102.0784012,53.23532662,82.60750571,105.0190459,39,19.41648784,0,10.29563014,21.47091055,28.65309756,7.071067812,20.61552813,92.65527508,34.23448554,59.21148537,83,35.17101079,64.5368112,87.92041856,20.39607805,24.51530134,10.29563014,0,11.18033989,20.61552813,14,20.51828453,85.37564055,29.42787794,55.78530272,78.51751397,29,58.21511831,80.52328856,15.8113883,32.64965543,21.47091055,11.18033989,0,15.8113883,24.51530134,26,78.63841301,28.3019434,54.56189146,75.43208866,26,53.23532662,73.68174808,18.02775638,45.12205669,28.65309756,20.61552813,15.8113883,0,27.58622845,19.6468827,64.76109943,13.45362405,38.94868419,59.66573556,10.29563014,38,59.9082632,11.18033989,25.63201124,7.071067812,14,24.51530134,27.58622845,0,15,89.69392399,30.3644529,54,78.16009212,32.20248438,61.03277808,85.08818954,17.49285568,40.02499219,20.61552813,20.51828453,26,19.6468827,15,0,76.02631123,16.64331698,39,63.19810124,19.79898987,47.01063709,71.58910532,9,109.8817546,92.65527508,85.37564055,78.63841301,64.76109943,89.69392399,76.02631123,0,59.50630219,44.68780594,29.42787794,57.5847202,29.15475947,5,72.44998275,53,34.23448554,29.42787794,28.3019434,13.45362405,30.3644529,16.64331698,59.50630219,0,26.57066051,49.16299421,5,30.6757233,55.00909016,14,78.51751397,59.21148537,55.78530272,54.56189146,38.94868419,54,39,44.68780594,26.57066051,0,24.51530134,28.65309756,19.41648784,41.61730409,40.02499219,102.0784012,83,78.51751397,75.43208866,59.66573556,78.16009212,63.19810124,29.42787794,49.16299421,24.51530134,0,49.81967483,24.41311123,29,63.12685641,53.23532662,35.17101079,29,26,10.29563014,32.20248438,19.79898987,57.5847202,5,28.65309756,49.81967483,0,29.42787794,52.92447449,14.86606875,82.60750571,64.5368112,58.21511831,53.23532662,38,61.03277808,47.01063709,29.15475947,30.6757233,19.41648784,24.41311123,29.42787794,0,25,44.14748011,105.0190459,87.92041856,80.52328856,73.68174808,59.9082632,85.08818954,71.58910532,5,55.00909016,41.61730409,29,52.92447449,25,0,67.77905281,39,20.39607805,15.8113883,18.02775638,11.18033989,17.49285568,9,72.44998275,14,40.02499219,63.12685641,14.86606875,44.14748011,67.77905281,0
0,27.78488798,37.64306045,85.08818954,137.640837,34.36568055,63.19810124,115.9482643,62.22539674,85.08818954,109.603832,54.56189146,119.8540779,105.394497,45.79301257,27.78488798,0,15,57.5847202,110.8557621,13.45362405,40.02499219,98.38699101,36.05551275,57.5847202,81.83520025,26.92582404,107.2986486,77.66595136,18.02775638,37.64306045,15,0,54.23098745,108.4619749,26,45.79301257,105.9481005,25,54.23098745,74.8465096,25.49509757,117.3797257,70.26378868,15.8113883,85.08818954,57.5847202,54.23098745,0,54.23098745,52.69724851,32.64965543,72.47068373,35.44009029,0,28.3019434,30.6757233,92.65527508,26,40.26164428,137.640837,110.8557621,108.4619749,54.23098745,0,103.7304198,76.92203845,71.84010022,88.141931,54.23098745,43.38202393,84.34453154,96.30160954,47.92702787,94.20191081,34.36568055,13.45362405,26,52.69724851,103.7304198,0,29,85.49268975,40.26164428,52.69724851,79.30952024,24.20743687,93.86160024,75.66372975,19.6468827,63.19810124,40.02499219,45.79301257,32.64965543,76.92203845,29,0,60.21627687,43.38202393,32.64965543,60.90155991,23.60084744,73.60027174,58.6003413,30.61045573,115.9482643,98.38699101,105.9481005,72.47068373,71.84010022,85.49268975,60.21627687,0,100.4987562,72.47068373,90.02777349,82.97590012,24.51530134,91.21403401,90.80198236,62.22539674,36.05551275,25,35.44009029,88.141931,40.26164428,43.38202393,100.4987562,0,35.44009029,50.96076922,20.61552813,116.5032188,46.17358552,20.61552813,85.08818954,57.5847202,54.23098745,0,54.23098745,52.69724851,32.64965543,72.47068373,35.44009029,0,28.3019434,30.6757233,92.65527508,26,40.26164428,109.603832,81.83520025,74.8465096,28.3019434,43.38202393,79.30952024,60.90155991,90.02777349,50.96076922,28.3019434,0,55.6057551,112.8716085,5,63.81222453,54.56189146,26.92582404,25.49509757,30.6757233,84.34453154,24.20743687,23.60084744,82.97590012,20.61552813,30.6757233,55.6057551,0,97.20082304,51.73973328,10,119.8540779,107.2986486,117.3797257,92.65527508,96.30160954,93.86160024,73.60027174,24.51530134,116.5032188,92.65527508,112.8716085,97.20082304,0,113.6001761,103.4794666,105.394497,77.66595136,70.26378868,26,47.92702787,75.66372975,58.6003413,91.21403401,46.17358552,26,5,51.73973328,113.6001761,0,59.6405902,45.79301257,18.02775638,15.8113883,40.26164428,94.20191081,19.6468827,30.61045573,90.80198236,20.61552813,40.26164428,63.81222453,10,103.4794666,59.6405902,0
0,24,37.16180835,59.50630219,62.29767251,35.17101079,60.63827174,62.29767251,88.5663593,127.0983871,161.077621,88.09086218,127,161.077621,59.21148537,24,0,18.02775638,39.05124838,40.31128874,13.45362405,37.69615365,40.31128874,64.77653896,103.1212878,137.0912105,64.12487817,103,137.0912105,35.35533906,37.16180835,18.02775638,0,22.36067977,25.49509757,24,38.28837944,25.49509757,54.23098745,93.53608929,127.3930924,57.24508713,94.20191081,127.3930924,26.92582404,59.50630219,39.05124838,22.36067977,0,7.071067812,39.44616585,39.3192065,7.071067812,37.16180835,75.69015788,108.853112,44.68780594,77.1621669,108.853112,20.61552813,62.29767251,40.31128874,25.49509757,7.071067812,0,38.28837944,34,0,30.6757233,69.63476143,103.0970417,37.64306045,70.88018059,103.0970417,15,35.17101079,13.45362405,24,39.44616585,38.28837944,0,25.49509757,38.28837944,57.24508713,94.04786016,127.7693234,54.23098745,93.43446901,127.7693234,28.65309756,60.63827174,37.69615365,38.28837944,39.3192065,34,25.49509757,0,34,37.64306045,70.60453243,103.754518,30.6757233,69.42621983,103.754518,19,62.29767251,40.31128874,25.49509757,7.071067812,0,38.28837944,34,0,30.6757233,69.63476143,103.0970417,37.64306045,70.88018059,103.0970417,15,88.5663593,64.77653896,54.23098745,37.16180835,30.6757233,57.24508713,37.64306045,30.6757233,0,39.3192065,73.17103252,14,40.26164428,73.17103252,29.42787794,127.0983871,103.1212878,93.53608929,75.69015788,69.63476143,94.04786016,70.60453243,69.63476143,39.3192065,0,34,40.02499219,5,34,68,161.077621,137.0912105,127.3930924,108.853112,103.0970417,127.7693234,103.754518,103.0970417,73.17103252,34,0,73.55270219,34.36568055,0,102,88.09086218,64.12487817,57.24508713,44.68780594,37.64306045,54.23098745,30.6757233,37.64306045,14,40.02499219,73.55270219,0,39.20459157,73.55270219,30.3644529,127,103,94.20191081,77.1621669,70.88018059,93.43446901,69.42621983,70.88018059,40.26164428,5,34.36568055,39.20459157,0,34.36568055,68.18357573,161.077621,137.0912105,127.3930924,108.853112,103.0970417,127.7693234,103.754518,103.0970417,73.17103252,34,0,73.55270219,34.36568055,0,102,59.21148537,35.35533906,26.92582404,20.61552813,15,28.65309756,19,15,29.42787794,68,102,30.3644529,68.18357573,102,0
0,103.4842983,109.0366911,114.5425685,123.4706443,98.50888285,83.60023923,86.40023148,50.96076922,120.7476708,136.4844313,94.33981132,97.20082304,100.8464179,100.895986,103.4842983,0,7.071067812,16.64331698,21.02379604,5,20,24.41311123,123.3288287,44.28317965,68.59300256,28.3019434,54.12023651,164.477962,14.86606875,109.0366911,7.071067812,0,9.848857802,14.56021978,11.18033989,25.49509757,26.57066051,126.6491216,39,63.12685641,27.58622845,52.43090692,166.412139,13.45362405,114.5425685,16.64331698,9.848857802,0,11.18033989,19.79898987,32.20248438,29,128.4562182,30.2654919,54,26,48.08326112,166.0180713,14,123.4706443,21.02379604,14.56021978,11.18033989,0,25.63201124,40.02499219,39.3192065,139.2695229,37.69615365,59.8414572,37.16180835,58.79625838,177.1919863,24.51530134,98.50888285,5,11.18033989,19.79898987,25.63201124,0,15,20.51828453,118.5959527,45.12205669,69.42621983,26,52,160.1811475,14,83.60023923,20,25.49509757,32.20248438,40.02499219,15,0,14,104.5466403,50.60632372,73.92563831,24.51530134,48.25971405,147.5567687,20.51828453,86.40023148,24.41311123,26.57066051,29,39.3192065,20.51828453,14,0,100.1698557,39.05124838,61.29437168,11.18033989,34.36568055,140.1606221,15,50.96076922,123.3288287,126.6491216,128.4562182,139.2695229,118.5959527,104.5466403,100.1698557,0,122.102416,129.2942381,103.0970417,92.43916919,50.60632372,114.7562634,120.7476708,44.28317965,39,30.2654919,37.69615365,45.12205669,50.60632372,39.05124838,122.102416,0,24.33105012,28.28427125,30.2654919,152.0855023,31.6227766,136.4844313,68.59300256,63.12685641,54,59.8414572,69.42621983,73.92563831,61.29437168,129.2942381,24.33105012,0,50.11985634,39.44616585,151.7432041,55.78530272,94.33981132,28.3019434,27.58622845,26,37.16180835,26,24.51530134,11.18033989,103.0970417,28.28427125,50.11985634,0,26,140.0357097,14.14213562,97.20082304,54.12023651,52.43090692,48.08326112,58.79625838,52,48.25971405,34.36568055,92.43916919,30.2654919,39.44616585,26,0,122.1228889,39.44616585,100.8464179,164.477962,166.412139,166.0180713,177.1919863,160.1811475,147.5567687,140.1606221,50.60632372,152.0855023,151.7432041,140.0357097,122.1228889,0,153.3949152,100.895986,14.86606875,13.45362405,14,24.51530134,14,20.51828453,15,114.7562634,31.6227766,55.78530272,14.14213562,39.44616585,153.3949152,0
0,29.27456234,35.17101079,59.66573556,63,34.23448554,58.13776741,58.21511831,87.46427842,126,166.0903369,87.09190548,126.3962025,146.6696969,63.12685641,29.27456234,0,7.071067812,30.6757233,34.23448554,5,29,30.3644529,58.21511831,97.08243919,136.8247054,58,98.00510191,117.4265728,34,35.17101079,7.071067812,0,24.51530134,30.3644529,5,24.51530134,27.78488798,53,92.43916919,131.381125,53.23532662,93.94147114,112.1115516,29.42787794,59.66573556,30.6757233,24.51530134,0,14.86606875,26,10,19,29.42787794,69.42621983,107.1167587,30.6757233,72.11102551,88,11.18033989,63,34.23448554,30.3644529,14.86606875,0,29.27456234,6.403124237,7.071067812,25.63201124,63,103.754518,24.33105012,63.78871374,84.17244205,4,34.23448554,5,5,26,29.27456234,0,24,25.63201124,53.23532662,92.08691547,131.855982,53,93.05912099,112.4455424,29,58.13776741,29,24.51530134,10,6.403124237,24,0,9,29.42787794,68.11754546,108.0462864,29,69.42621983,88.5663593,5,58.21511831,30.3644529,27.78488798,19,7.071067812,25.63201124,9,0,32.20248438,68.18357573,109.658561,30.3644529,68.18357573,90.02777349,10.29563014,87.46427842,58.21511831,53,29.42787794,25.63201124,53.23532662,29.42787794,32.20248438,0,40.02499219,78.63841301,5,43.38202393,59.21148537,24.51530134,126,97.08243919,92.43916919,69.42621983,63,92.08691547,68.11754546,68.18357573,40.02499219,0,43.38202393,39.20459157,10,24.41311123,63.12685641,166.0903369,136.8247054,131.381125,107.1167587,103.754518,131.855982,108.0462864,109.658561,78.63841301,43.38202393,0,79.42921377,48.60041152,19.6468827,103.0970417,87.09190548,58,53.23532662,30.6757233,24.33105012,53,29,30.3644529,5,39.20459157,79.42921377,0,41.43669871,59.8414572,24,126.3962025,98.00510191,93.94147114,72.11102551,63.78871374,93.05912099,69.42621983,68.18357573,43.38202393,10,48.60041152,41.43669871,0,31.2409987,64.5368112,146.6696969,117.4265728,112.1115516,88,84.17244205,112.4455424,88.5663593,90.02777349,59.21148537,24.41311123,19.6468827,59.8414572,31.2409987,0,83.60023923,63.12685641,34,29.42787794,11.18033989,4,29,5,10.29563014,24.51530134,63.12685641,103.0970417,24,64.5368112,83.60023923,0
0,30.6757233,42.94182111,72.80109889,98.08159868,39.29376541,68.73136111,74.33034374,103.9422917,146.342065,195.4788991,105.0190459,166.8831927,157.4706322,69.63476143,30.6757233,0,13.45362405,44.68780594,67.41661516,9,39,50.11985634,73.68174808,118.6970935,168.4666139,74.52516354,136.8247054,126.8463638,39.3192065,42.94182111,13.45362405,0,31.2409987,55.78530272,10,31.6227766,48.7954916,64,112.0892502,162.0863967,64.19501538,127.0983871,114.8259553,30.41381265,72.80109889,44.68780594,31.2409987,0,35.44009029,39.44616585,35.44009029,59.9082632,50.11985634,103.247276,152.0526225,47.92702787,108.6738239,89.26925563,30.6757233,98.08159868,67.41661516,55.78530272,35.44009029,0,59.09314681,33.9411255,51.623638,17.20465053,69.65629907,117.3371212,13.45362405,73.55270219,59.50630219,30.61045573,39.29376541,9,10,39.44616585,59.09314681,0,30,42.43819035,64.77653896,109.8362417,159.6621433,65.73431372,127.8827588,118.5959527,30.41381265,68.73136111,39,31.6227766,35.44009029,33.9411255,30,0,24.51530134,35.44009029,80.52328856,130.5067048,37.16180835,98.15294188,92.11405973,5,74.33034374,50.11985634,48.7954916,59.9082632,51.623638,42.43819035,24.51530134,0,44.68780594,73.10950691,121.4125199,48.60041152,99.92497185,103.2375901,29.42787794,103.9422917,73.68174808,64,50.11985634,17.20465053,64.77653896,35.44009029,44.68780594,0,53.25410782,101.9803903,5,63.19810124,58.79625838,34.36568055,146.342065,118.6970935,112.0892502,103.247276,69.65629907,109.8362417,80.52328856,73.10950691,53.25410782,0,50,56.22277119,39.8246155,69,81.90848552,195.4788991,168.4666139,162.0863967,152.0526225,117.3371212,159.6621433,130.5067048,121.4125199,101.9803903,50,0,104.2353107,56.93856338,95.8801335,131.8976876,105.0190459,74.52516354,64.19501538,47.92702787,13.45362405,65.73431372,37.16180835,48.60041152,5,56.22277119,104.2353107,0,63,55.6057551,35.44009029,166.8831927,136.8247054,127.0983871,108.6738239,73.55270219,127.8827588,98.15294188,99.92497185,63.19810124,39.8246155,56.93856338,63,0,38.94868419,97.51410154,157.4706322,126.8463638,114.8259553,89.26925563,59.50630219,118.5959527,92.11405973,103.2375901,58.79625838,69,95.8801335,55.6057551,38.94868419,0,89.55445271,69.63476143,39.3192065,30.41381265,30.6757233,30.61045573,30.41381265,5,29.42787794,34.36568055,81.90848552,131.8976876,35.44009029,97.51410154,89.55445271,0
0,25.49509757,37.16180835,63.81222453,94.9210198,34,64.77653896,47.92702787,94.20191081,137.3644787,185.0675552,93,139.0863041,171.7323499,64.77653896,25.49509757,0,13.45362405,41.01219331,69.42621983,10.29563014,41.78516483,30.61045573,68.73136111,113,160.3121954,68.18357573,113.6001761,146.2942241,39.3192065,37.16180835,13.45362405,0,27.58622845,59.13543777,15,39.05124838,35.44009029,59,105.9905656,152.3187447,60.87692502,103.3924562,135.1480669,30.41381265,63.81222453,41.01219331,27.58622845,0,41.78516483,39.44616585,45.12205669,53.93514624,43.38202393,93.94147114,136.6821129,51.73973328,83.60023923,112.4455424,26,94.9210198,69.42621983,59.13543777,41.78516483,0,61.98386887,41.01219331,62.00806399,4,52.69724851,95.07891459,19,44.28317965,77.1621669,30.3644529,34,10.29563014,15,39.44616585,61.98386887,0,31.6227766,21.47091055,60.87692502,103.4842983,151.0827588,59,105.7591604,139.140217,31.6227766,64.77653896,41.78516483,39.05124838,45.12205669,41.01219331,31.6227766,0,21.9317122,38.28837944,73,121.1032617,30.6757233,80.5294977,115.4123044,20,47.92702787,30.61045573,35.44009029,53.93514624,62.00806399,21.47091055,21.9317122,0,59.6405902,93.43446901,141.6933308,52.55473337,102.4597482,137.3062271,35.22782991,94.20191081,68.73136111,59,43.38202393,4,60.87692502,38.28837944,59.6405902,0,50.60632372,94.14881837,15,44.91102315,78.54934755,29.42787794,137.3644787,113,105.9905656,93.94147114,52.69724851,103.4842983,73,93.43446901,50.60632372,0,48.25971405,45.12205669,34,61.29437168,75.69015788,185.0675552,160.3121954,152.3187447,136.6821129,95.07891459,151.0827588,121.1032617,141.6933308,94.14881837,48.25971405,0,92.13576938,56.08029957,52.55473337,121.9262072,93,68.18357573,60.87692502,51.73973328,19,59,30.6757233,52.55473337,15,45.12205669,92.13576938,0,50.11985634,85.23496935,30.6757233,139.0863041,113.6001761,103.3924562,83.60023923,44.28317965,105.7591604,80.5294977,102.4597482,44.91102315,34,56.08029957,50.11985634,0,35.22782991,74.33034374,171.7323499,146.2942241,135.1480669,112.4455424,77.1621669,139.140217,115.4123044,137.3062271,78.54934755,61.29437168,52.55473337,85.23496935,35.22782991,0,107.5174404,64.77653896,39.3192065,30.41381265,26,30.3644529,31.6227766,20,35.22782991,29.42787794,75.69015788,121.9262072,30.6757233,74.33034374,107.5174404,0
0,26,39,73.68174808,54.81788029,42.20189569,62.62587325,90.02777349,102.7861858,144.5579469,163.6154027,101.2422837,117,170.2938637,72.44998275,26,0,18.02775638,52.92447449,37.64306045,18.02775638,41.78516483,65.8559033,76.84399781,118.5959527,137.9057649,75.43208866,93.53608929,146,46.4865572,39,18.02775638,0,35.44009029,19.79898987,25.49509757,49,65.74191966,67.23094526,108.6738239,131.5028517,64.84597135,78,131.381125,38.28837944,73.68174808,52.92447449,35.44009029,0,20.39607805,52.40229003,68.09552114,69.18092223,50.11985634,86.31338251,115.2085066,45.79301257,45.12205669,99.0403958,35.35533906,54.81788029,37.64306045,19.79898987,20.39607805,0,43.38202393,64.5368112,74.52516354,65.11528238,104.2017274,130.9694621,61.52235366,65.51335742,119.4361754,41.78516483,42.20189569,18.02775638,25.49509757,52.40229003,43.38202393,0,24.51530134,48.08326112,63.63961031,104.7854952,121.7086685,63.12685641,86.68333173,136.8247054,34,62.62587325,41.78516483,49,68.09552114,64.5368112,24.51530134,0,30.6757233,59.9082632,97,107.5174404,61.3514466,92.11405973,136.6821129,37.64306045,90.02777349,65.8559033,65.74191966,69.18092223,74.52516354,48.08326112,30.6757233,0,38.28837944,68.73136111,76.84399781,41.72529209,76.69419796,113.1591799,34,102.7861858,76.84399781,67.23094526,50.11985634,65.11528238,63.63961031,59.9082632,38.28837944,0,41.78516483,65.8559033,5,39.44616585,76.84399781,30.3644529,144.5579469,118.5959527,108.6738239,86.31338251,104.2017274,104.7854952,97,68.73136111,41.78516483,0,34.36568055,43.829214,52.55473337,51.73973328,72.11102551,163.6154027,137.9057649,131.5028517,115.2085066,130.9694621,121.7086685,107.5174404,76.84399781,65.8559033,34.36568055,0,69.65629907,86.40023148,78.54934755,93.23625904,101.2422837,75.43208866,64.84597135,45.79301257,61.52235366,63.12685641,61.3514466,41.72529209,5,43.829214,69.65629907,0,35.22782991,75.43208866,29.27456234,117,93.53608929,78,45.12205669,65.51335742,86.68333173,92.11405973,76.69419796,39.44616585,52.55473337,86.40023148,35.22782991,0,53.93514624,55.00909016,170.2938637,146,131.381125,99.0403958,119.4361754,136.8247054,136.6821129,113.1591799,76.84399781,51.73973328,78.54934755,75.43208866,53.93514624,0,103.0970417,72.44998275,46.4865572,38.28837944,35.35533906,41.78516483,34,37.64306045,34,30.3644529,72.11102551,93.23625904,29.27456234,55.00909016,103.0970417,0
0,25,35.44009029,60.87692502,54.23098745,35.44009029,61.98386887,54.91812087,83.15046602,112,146,83.60023923,117.4265728,146.0855913,59,25,0,13.45362405,37.16180835,29.42787794,13.45362405,38.94868419,30.6757233,58.21511831,87,121,58.85575588,92.54188241,121.1032617,34,35.44009029,13.45362405,0,25.49509757,20.61552813,20,38.28837944,28.28427125,49.25444142,78.63841301,112.4455424,52.92447449,85.37564055,113,26.92582404,60.87692502,37.16180835,25.49509757,0,11.18033989,35.35533906,34,25.49509757,26,55.08175742,88.28363382,34.6554469,63.1585307,89.26925563,15,54.23098745,29.42787794,20.61552813,11.18033989,0,25,24.51530134,15,29,58.21511831,92.13576938,32.64965543,64.76109943,92.54188241,7.071067812,35.44009029,13.45362405,20,35.35533906,25,0,26.57066051,20,51.2445119,78.63841301,112.4455424,49,83,112.1115516,26.92582404,61.98386887,38.94868419,38.28837944,34,24.51530134,26.57066051,0,10.29563014,33.9411255,56.30275304,89.05054744,25.63201124,58.69412236,88.1192374,19,54.91812087,30.6757233,28.28427125,25.49509757,15,20,10.29563014,0,32.64965543,58.85575588,92.54188241,29,63,92.13576938,11.18033989,83.15046602,58.21511831,49.25444142,26,29,51.2445119,33.9411255,32.64965543,0,29.42787794,63.19810124,15,37.16180835,63.78871374,24.51530134,112,87,78.63841301,55.08175742,58.21511831,78.63841301,56.30275304,58.85575588,29.42787794,0,34,30.6757233,11.18033989,34.36568055,53,146,121,112.4455424,88.28363382,92.13576938,112.4455424,89.05054744,92.54188241,63.19810124,34,0,63.78871374,30.6757233,5,87,83.60023923,58.85575588,52.92447449,34.6554469,32.64965543,49,25.63201124,29,15,30.6757233,63.78871374,0,34,63.19810124,26,117.4265728,92.54188241,85.37564055,63.1585307,64.76109943,83,58.69412236,63,37.16180835,11.18033989,30.6757233,34,0,29.42787794,58.85575588,146.0855913,121.1032617,113,89.26925563,92.54188241,112.1115516,88.1192374,92.13576938,63.78871374,34.36568055,5,63.19810124,29.42787794,0,87.14355972,59,34,26.92582404,15,7.071067812,26.92582404,19,11.18033989,24.51530134,53,87,26,58.85575588,87.14355972,0
0,19,32.64965543,58.6003413,58.85575588,35.44009029,54.81788029,165,78.63841301,112.4455424,131.381125,78.16009212,117.1067889,165,53,19,0,18.02775638,42.20189569,40.26164428,18.02775638,36.76955262,146,59.8414572,93.53608929,112.4455424,59.21148537,98.12746812,146,34,32.64965543,18.02775638,0,26,29.42787794,25.49509757,37.64306045,136.8247054,49.25444142,83.15046602,102.1224755,52.92447449,90.24411338,136.8247054,28.3019434,58.6003413,42.20189569,26,0,15.8113883,39.8246155,39,114.7562634,29.15475947,60.87692502,79.42921377,39.05124838,70.68238819,114.7562634,25,58.85575588,40.26164428,29.42787794,15.8113883,0,31.2409987,24.51530134,107.4662738,20,54,73,25,60.87692502,107.4662738,11.18033989,35.44009029,18.02775638,25.49509757,39.8246155,31.2409987,0,19.41648784,131.381125,48.33218389,80.52328856,99.0403958,44.28317965,83.15046602,131.381125,21.47091055,54.81788029,36.76955262,37.64306045,39,24.51530134,19.41648784,0,112.8716085,34.6554469,63.69458376,81.60882305,26.57066051,64.62971453,112.8716085,14,165,146,136.8247054,114.7562634,107.4662738,131.381125,112.8716085,0,87.57282684,53.93514624,35.44009029,87.14355972,48.25971405,0,112,78.63841301,59.8414572,49.25444142,29.15475947,20,48.33218389,34.6554469,87.57282684,0,34,53,15,41.78516483,87.57282684,26.92582404,112.4455424,93.53608929,83.15046602,60.87692502,54,80.52328856,63.69458376,53.93514624,34,0,19,37.16180835,15.8113883,53.93514624,59.8414572,131.381125,112.4455424,102.1224755,79.42921377,73,99.0403958,81.60882305,35.44009029,53,19,0,55.08175742,20.51828453,35.44009029,78.63841301,78.16009212,59.21148537,52.92447449,39.05124838,25,44.28317965,26.57066051,87.14355972,15,37.16180835,55.08175742,0,39,87.14355972,25.49509757,117.1067889,98.12746812,90.24411338,70.68238819,60.87692502,83.15046602,64.62971453,48.25971405,41.78516483,15.8113883,20.51828453,39,0,48.25971405,64.19501538,165,146,136.8247054,114.7562634,107.4662738,131.381125,112.8716085,0,87.57282684,53.93514624,35.44009029,87.14355972,48.25971405,0,112,53,34,28.3019434,25,11.18033989,21.47091055,14,112,26.92582404,59.8414572,78.63841301,25.49509757,64.19501538,112,0
